Município;Butano;Propano;Gás Auto;Gasolina IO 95;Gasolina IO 98;Petróleo Iluminante / Carburante;Gasóleo Rodoviário;Gasóleo Colorido;Lubrificantes;Biodiesel;Grand Total
Abrantes;0;0;173;2317;248;0;12459;0;22;0;15219
Águeda;0;0;143;2987;368;0;16700;0;1496;0;21694
Aguiar da Beira;0;0;17;355;52;0;2427;0;52;0;2903
Alandroal;0;0;0;48;0;0;113;0;0;0;161
Albergaria-a-Velha;0;0;81;3616;344;0;27425;243;43;0;31752
Albufeira;0;2;82;7898;615;0;26750;0;53;0;35400
Alcácer do Sal;0;0;28;1776;122;0;10280;0;7;0;12213
Alcanena;0;43;327;43629;4162;0;153223;0;50;0;201434
Alcobaça;0;0;426;3711;447;0;29070;0;564;114;34332
Alcochete;0;0;64;2397;132;0;16848;0;18;0;19459
Alcoutim;0;0;0;77;0;0;427;0;1;0;505
Alenquer;548;478;14;2106;108;0;24861;0;548;1;28664
Alfândega da Fé;0;0;0;125;23;0;683;0;0;0;831
Alijó;0;0;0;614;176;0;3806;0;2;0;4598
Aljezur;0;0;0;1334;43;0;3559;0;2;0;4938
Aljustrel;0;0;9;1050;132;0;6714;0;246;0;8151
Almada;0;2;184;17913;1050;0;81721;0;236;0;101106
Almeida;0;0;1;170;22;0;5414;0;0;0;5607
Almeirim;0;0;282;1374;63;0;7358;0;16;0;9093
Almodôvar;0;0;50;1180;184;0;13660;0;18;0;15092
Alpiarça;0;0;0;332;27;0;1487;0;1;0;1847
Alter do Chão;0;0;0;114;18;0;842;0;0;0;974
Alvaiázere;0;0;0;338;97;0;3390;0;6;0;3831
Alvito;0;0;0;29;0;0;140;0;0;0;169
Amadora;0;0;1045;14245;666;0;35789;0;55;0;51800
Amarante;0;0;54;2970;294;0;14372;0;32;0;17722
Amares;0;0;0;751;24;0;3377;0;9;0;4161
Anadia;0;0;13;1610;207;0;6626;0;17;0;8473
Angra do Heroismo;0;0;0;3397;171;0;7276;0;122;0;10966
Ansião;0;0;35;483;230;0;4552;0;6;0;5306
Arcos de Valdevez;242;114;34;1260;211;0;6296;0;2;16;8175
Arganil;0;0;0;479;139;0;2552;0;4;0;3174
Armamar;0;0;6;297;29;0;2905;0;2;0;3239
Arouca;0;0;0;1403;216;0;6704;0;6;0;8329
Arraiolos;0;0;0;297;46;0;1617;0;0;0;1960
Arronches;0;0;0;101;0;0;438;0;0;0;539
Arruda dos Vinhos;0;0;0;670;60;0;4459;0;366;0;5555
Aveiro;0;0;382;26118;3114;0;117368;0;134;89;147205
Avis;0;0;0;470;127;0;2326;0;0;0;2923
Azambuja;135;102;79;16924;1718;0;117281;0;900;0;137139
Baião;0;0;0;390;56;0;2425;0;11;0;2882
Barcelos;0;0;334;6380;499;0;30167;0;61;59;37500
Barrancos;0;0;0;42;0;0;289;0;0;0;331
Barreiro;0;3;650;9475;308;0;33969;0;23;0;44428
Batalha;0;0;104;975;181;0;7104;0;62;0;8426
Beja;0;0;93;2127;224;0;13845;254;45;0;16588
Belmonte;0;0;0;604;19;0;2981;0;1;0;3605
Benavente;0;0;77;1979;143;0;21386;0;70;0;23655
Bombarral;0;0;0;819;56;0;4540;0;11;0;5426
Borba;0;0;0;406;42;0;2989;0;4;0;3441
Boticas;0;0;13;225;0;0;1249;0;0;0;1487
Braga;0;0;493;22210;1462;0;92414;0;1310;75;117964
Bragança;0;0;1;2127;183;0;13073;0;50;0;15434
Cabeceiras de Basto;0;0;13;1164;286;0;8172;0;2;0;9637
Cadaval;0;0;0;430;36;0;2058;0;6;0;2530
Caldas da Rainha;0;0;433;6168;393;0;39481;863;280;0;47618
Calheta (Açores);0;0;0;247;0;0;1273;0;9;0;1529
Calheta (Madeira);0;0;0;713;227;0;2457;0;4;0;3401
Câmara de Lobos;0;0;0;1590;725;0;4070;0;0;0;6385
Caminha;0;0;0;658;50;0;2526;0;6;0;3240
Campo Maior;0;0;0;258;0;0;1026;0;0;0;1284
Cantanhede;0;1;180;3101;772;0;23669;0;339;0;28062
Carrazeda de Ansiães;0;0;0;224;161;0;2192;0;1;0;2578
Carregal do Sal;0;0;26;790;94;0;2420;0;0;0;3330
Cartaxo;0;0;0;1374;162;0;5619;0;1;0;7156
Cascais;0;0;139;22208;1487;0;58054;0;408;0;82296
Castanheira de Pêra;0;0;0;124;0;0;524;0;0;0;648
Castelo Branco;0;0;150;4752;345;0;30007;0;211;0;35465
Castelo de Paiva;0;0;62;2234;221;0;6210;0;3;0;8730
Castelo de Vide;0;0;0;187;13;0;800;0;0;0;1000
Castro d’Aire;0;0;11;841;154;0;3976;0;3;1;4986
Castro Marim;0;0;0;384;7;0;1515;0;0;0;1906
Castro Verde;0;0;0;501;24;0;5104;0;2;0;5631
Celorico da Beira;0;0;0;385;51;0;3379;0;0;0;3815
Celorico de Basto;0;0;6;745;91;0;3520;0;2;0;4364
Chamusca;0;0;0;515;31;0;3454;0;14;0;4014
Chaves;0;0;47;1568;111;0;12043;0;17;0;13786
Cinfães;0;0;0;616;102;0;3031;0;2;0;3751
Coimbra;0;0;1524;14409;812;0;64656;0;216;27;81644
Condeixa-a-Nova;0;0;83;815;58;0;9545;0;5;0;10506
Constância;0;0;0;130;0;0;1345;0;0;0;1475
Coruche;0;0;0;978;128;0;6755;0;11;0;7872
Corvo;0;0;0;29;0;0;93;0;0;0;122
Covilhã;0;0;30;2709;210;0;11035;0;9;0;13993
Crato;0;0;0;298;0;0;1098;0;0;0;1396
Cuba;0;0;0;297;0;0;1501;0;0;0;1798
Elvas;0;0;19;736;49;0;8419;0;15;0;9238
Entroncamento;0;0;0;1089;111;0;3440;1183;6;0;5829
Espinho;0;0;52;2884;203;0;6395;0;7;0;9541
Esposende;0;0;81;3167;218;0;16869;0;20;0;20355
Estarreja;0;0;242;2071;182;0;9985;0;9;0;12489
Estremoz;0;0;45;1001;223;0;7629;0;34;0;8932
Évora;0;0;191;5097;250;0;23066;0;47;0;28651
Fafe;0;0;1;2378;201;0;13663;0;719;0;16962
Faro;0;0;450;13177;744;0;40007;1054;161;0;55593
Feira;0;0;311;7024;865;0;36841;0;177;0;45218
Felgueiras;0;0;88;2505;390;0;17710;0;2;0;20695
Ferreira do Alentejo;0;0;0;409;145;0;2741;0;3;0;3298
Ferreira do Zêzere;0;0;14;524;14;0;2849;0;203;0;3604
Figueira da Foz;0;0;2754;4608;419;0;23557;0;48;0;31386
Figueira de Castelo Rodrigo;0;0;0;95;7;0;639;0;0;0;741
Figueiró dos Vinhos;0;0;0;337;181;0;2679;0;1;0;3198
Fornos de Algodres;0;0;0;338;22;0;1941;0;0;0;2301
Freixo de Espada à Cinta;0;0;0;74;0;0;699;0;4;0;777
Fronteira;0;0;0;123;0;0;457;0;0;0;580
Funchal;0;6;92;12842;3217;0;39540;0;192;0;55889
Fundão;0;0;74;1700;134;0;9044;0;117;0;11069
Gavião;0;0;0;0;0;0;0;0;3;0;3
Góis;0;0;0;187;26;0;699;0;0;0;912
Golegã;0;0;0;0;0;0;74;0;3;0;77
Gondomar;0;0;248;8304;381;0;26825;0;289;0;36047
Gouveia;0;0;0;752;70;0;2444;0;1;0;3267
Grândola;0;0;168;2347;285;0;18124;0;20;0;20944
Guarda;0;0;76;2999;237;0;17598;0;61;0;20971
Guimarães;0;0;731;10202;840;0;53106;0;218;0;65097
Horta;0;0;0;2323;0;0;3650;0;21;0;5994
Idanha-a-Nova;0;0;0;165;0;0;698;0;0;0;863
Ílhavo;0;0;121;1849;55;0;8753;0;474;0;11252
Lagoa (Açores);0;0;0;1653;22;0;2111;0;12;0;3798
Lagoa (Algarve);0;1;167;4416;92;0;11656;0;54;0;16386
Lagos;0;0;109;4504;289;0;12474;0;3;0;17379
Lajes das Flores;0;0;0;577;0;0;1085;0;2;0;1664
Lajes do Pico;0;0;0;1194;0;0;2529;0;4;0;3727
Lamego;0;1;67;1312;103;0;5944;0;12;0;7439
Leiria;0;0;646;9943;1067;0;91730;0;1765;0;105151
Lisboa;0;0;1162;53603;3389;0;192541;471;1726;3179;256071
Loulé;0;0;141;10419;996;0;34029;0;67;0;45652
Loures;0;0;458;18522;956;0;80866;0;1609;0;102411
Lourinhã;0;1;74;1446;237;0;8072;0;36;0;9866
Lousã;0;0;93;701;129;0;3490;0;195;0;4608
Lousada;0;0;74;2039;467;0;14318;0;9;9;16916
Mação;0;0;0;197;5;0;796;0;22;24;1044
Macedo de Cavaleiros;0;0;0;306;35;0;2972;0;3;0;3316
Machico;0;0;0;859;181;0;4095;0;1;0;5136
Madalena;0;0;0;808;0;0;2198;0;7;0;3013
Mafra;0;0;208;4404;389;0;28521;0;361;0;33883
Maia;0;0;625;16273;596;0;66502;0;849;0;84845
Mangualde;0;0;25;1911;165;0;11166;0;7;0;13274
Manteigas;0;0;0;32;0;0;77;0;0;0;109
Marco de Canavezes;0;0;20;3185;573;0;14320;0;62;0;18160
Marinha Grande;0;0;233;2594;226;0;11767;0;40;0;14860
Matosinhos;0;3;698;27310;3871;0;156094;0;348;0;188324
Mealhada;0;0;70;2019;124;0;37690;0;243;0;40146
Meda;44;32;0;85;0;0;566;0;0;0;727
Melgaço;0;0;0;115;48;0;1044;0;0;0;1207
Mértola;0;0;0;346;0;0;1602;0;12;0;1960
Mesão Frio;0;0;0;268;51;0;1369;0;0;0;1688
Mira;0;0;0;574;39;0;3280;0;4;0;3897
Miranda do Corvo;0;0;0;378;78;0;2564;0;1;0;3021
Miranda do Douro;0;0;0;496;27;0;2026;0;7;0;2556
Mirandela;0;0;0;1097;466;0;9512;0;10;0;11085
Mogadouro;0;0;0;240;81;0;2470;0;13;0;2804
Moimenta da Beira;0;0;0;691;107;0;3349;0;3;0;4150
Moita;0;0;178;3315;94;0;9819;0;10;0;13416
Monção;0;0;3;628;21;0;3916;0;2;0;4570
Monchique;0;0;0;279;62;0;1431;0;2;0;1774
Mondim de Basto;0;0;0;117;0;0;959;0;1;0;1077
Monforte;0;0;0;134;0;0;527;0;0;0;661
Montalegre;0;0;0;341;31;0;2005;0;0;0;2377
Montemor-o-Novo;0;0;27;1140;95;0;9594;0;16;0;10872
Montemor-o-Velho;0;0;103;866;157;0;5922;0;15;0;7063
Montijo;0;0;338;5677;296;0;30041;0;32;0;36384
Mora;0;0;26;287;13;0;1545;0;1;0;1872
Mortágua;0;0;5;464;29;0;2937;0;3;0;3438
Moura;0;0;0;578;28;0;2750;0;2;0;3358
Mourão;0;0;0;287;0;0;1586;0;0;0;1873
Murça;0;0;0;408;103;0;2259;0;1;0;2771
Murtosa;0;0;0;820;69;0;4020;0;8;0;4917
Nazaré;0;0;0;1295;98;0;4191;0;4;0;5588
Nelas;0;0;0;944;67;0;4584;0;0;0;5595
Nisa;0;0;0;313;9;0;1234;0;0;0;1556
Nordeste;0;0;0;503;0;0;927;0;0;0;1430
Óbidos;0;0;84;745;63;0;3688;0;5;0;4585
Odemira;0;0;0;2528;220;0;10262;0;14;0;13024
Odivelas;0;0;202;6865;343;0;26537;0;429;0;34376
Oeiras;0;0;343;20838;985;0;62193;0;634;0;84993
Oleiros;0;0;0;254;18;0;2723;0;587;0;3582
Olhão;0;0;104;4315;360;0;11424;0;23;0;16226
Oliveira de Azeméis;0;0;217;3115;409;0;16185;0;25;0;19951
Oliveira de Frades;0;0;26;271;53;0;2571;0;11;0;2932
Oliveira do Bairro;0;0;151;2946;315;0;9999;0;47;0;13458
Oliveira do Hospital;0;0;41;1619;378;0;8277;0;5;0;10320
Ourique;0;0;0;466;0;0;2577;0;1;0;3044
Ovar;0;0;718;3330;325;0;17070;0;61;0;21504
Paços de Ferreira;0;28;525;4616;580;0;24411;0;869;0;31029
Palmela;0;9;343;6930;411;0;31839;0;214;0;39746
Pampilhosa da Serra;0;0;0;162;34;0;683;0;0;0;879
Paredes;0;0;84;3494;380;0;16831;0;169;1;20959
Paredes de Coura;0;0;0;393;50;0;1300;0;2;0;1745
Pedrogão Grande;0;0;0;157;48;0;917;0;2;0;1124
Penacova;0;22;20;538;59;0;2729;0;2;0;3370
Penafiel;0;12;150;4064;621;0;22299;0;102;145;27393
Penalva do Castelo;0;0;0;376;58;0;1479;0;0;0;1913
Penamacor;0;0;0;95;2;0;800;0;3;0;900
Penedono;0;0;0;144;0;0;763;0;0;0;907
Penela;0;0;18;205;0;0;1996;0;1;0;2220
Peniche;0;0;71;1691;133;0;6147;0;26;0;8068
Peso da Régua;0;0;0;1397;130;0;6918;1531;4;0;9980
Pinhel;0;0;0;165;21;0;2084;0;9;0;2279
Pombal;0;0;308;3824;641;20;48397;0;717;266;54173
Ponta Delgada;0;0;0;12438;512;0;25555;0;347;0;38852
Ponta do Sol;0;0;0;943;310;0;2580;0;0;0;3833
Ponte da Barca;0;0;0;557;69;0;1991;0;0;0;2617
Ponte de Lima;0;0;131;2465;219;0;12860;0;398;289;16362
Ponte de Sôr;0;0;1;844;158;0;4312;0;9;0;5324
Portalegre;0;0;63;1895;65;0;9938;0;32;0;11993
Portel;0;0;0;207;43;0;1442;0;0;0;1692
Portimão;0;0;222;9150;755;0;25932;0;67;0;36126
Porto;0;6;768;25731;1645;0;79702;2185;1122;0;111159
Porto de Mós;0;0;106;1238;216;0;16296;0;143;0;17999
Porto Moniz;0;0;0;147;41;0;373;0;0;0;561
Porto Santo;0;0;0;575;0;0;911;0;1;0;1487
Póvoa de Lanhoso;0;0;0;364;74;0;4719;0;3;2;5162
Póvoa de Varzim;0;0;424;5034;350;0;21825;0;23;0;27656
Povoação;0;0;0;1242;0;0;1941;0;0;0;3183
Proença-a-Nova;0;0;0;428;38;0;2081;0;0;0;2547
Redondo;0;0;0;364;0;0;1580;0;11;0;1955
Reguengos de Monsaraz;0;0;0;529;0;0;2090;0;7;0;2626
Resende;0;0;1;610;118;0;2577;0;3;0;3309
Ribeira Brava;0;0;0;1309;596;0;7353;0;72;0;9330
Ribeira de Pena;0;0;0;142;81;0;2276;0;8;0;2507
Ribeira Grande;0;0;0;2682;84;0;4705;0;17;0;7488
Rio Maior;0;0;77;1222;170;0;9968;0;15;0;11452
Sabrosa;0;0;0;145;0;0;877;0;1;0;1023
Sabugal;0;0;9;594;73;0;2972;0;2;0;3650
Salvaterra de Magos;0;0;60;1057;91;0;6789;0;50;0;8047
Santa Comba Dão;0;0;95;918;59;0;5330;0;3;0;6405
Santa Cruz;0;1;0;4252;982;0;12805;0;8;0;18048
Santa Cruz da Graciosa;0;0;0;632;0;0;1014;0;0;0;1646
Santa Cruz das Flores;0;0;0;5;0;0;7;0;0;0;12
Santa Marta de Penaguião;0;0;0;212;0;0;885;0;0;0;1097
Santana;0;0;0;780;330;0;3044;0;0;0;4154
Santarém;0;0;492;5501;595;0;39167;0;165;0;45920
Santiago do Cacém;0;0;2;2461;268;0;14198;0;27;0;16956
Santo Tirso;0;0;254;7914;677;0;30523;0;46;0;39414
São Brás de Alportel;0;0;0;854;24;0;2643;0;2;0;3523
São João da Madeira;0;0;340;1777;188;0;9234;0;29;0;11568
São João da Pesqueira;0;0;0;193;124;0;1348;0;0;0;1665
São Pedro do Sul;0;0;0;663;57;0;2419;0;60;0;3199
São Roque do Pico;0;0;0;46;0;0;101;0;0;0;147
São Vicente;0;0;0;612;196;0;2471;0;0;0;3279
Sardoal;0;0;0;264;0;0;1093;0;1;0;1358
Sátão;0;0;7;509;57;0;2782;0;0;0;3355
Seia;0;0;59;1866;177;0;6175;0;1;0;8278
Seixal;0;0;732;10983;540;0;35381;0;63;0;47699
Sernancelhe;0;0;0;276;45;0;1188;0;2;0;1511
Serpa;0;0;0;426;37;0;2075;0;0;0;2538
Sertã;0;0;45;754;75;0;9762;0;286;0;10922
Sesimbra;0;0;0;4681;209;0;15053;0;10;40;19993
Setúbal;0;0;44;10975;562;0;50769;936;186;0;63472
Sever do Vouga;0;0;19;639;66;0;3790;0;9;0;4523
Silves;0;0;131;4420;300;0;18189;0;12;0;23052
Sines;0;0;77;2235;209;0;16337;0;29;0;18887
Sintra;0;0;1229;28155;1062;0;97328;0;285;0;128059
Sobral de Monte Agraço;0;0;15;401;99;0;2641;0;4;0;3160
Soure;0;0;80;658;113;0;3040;0;3;0;3894
Sousel;0;0;0;159;0;0;826;0;0;0;985
Tábua;0;0;0;665;60;0;2736;0;11;0;3472
Tabuaço;0;0;0;35;17;0;339;0;0;0;391
Tarouca;0;0;0;527;67;0;2880;0;2;0;3476
Tavira;0;0;5;3266;160;0;9303;0;4;0;12738
Terras do Bouro;0;0;0;433;14;0;1357;0;0;0;1804
Tomar;0;0;121;2554;310;0;10853;0;23;0;13861
Tondela;0;0;33;2272;378;0;9736;0;46;0;12465
Torre de Moncorvo;0;0;9;356;52;0;2782;0;95;0;3294
Torres Novas;0;0;231;2281;148;0;19407;0;23;0;22090
Torres Vedras;0;0;856;5532;566;0;41649;0;116;0;48719
Trancoso;0;0;0;359;193;0;2949;0;0;0;3501
Trofa;0;0;162;4149;265;0;21227;0;649;0;26452
Vagos;0;0;0;1691;256;0;11780;0;124;0;13851
Vale de Cambra;0;0;122;1447;208;0;5883;0;74;0;7734
Valença;0;1;17;809;41;0;4108;0;0;0;4976
Valongo;0;0;531;8796;444;0;40998;0;123;0;50892
Valpaços;0;0;0;440;45;0;2791;0;9;0;3285
Velas;0;0;0;806;0;0;2119;0;6;0;2931
Vendas Novas;0;0;11;1037;93;0;6132;0;3;99;7375
Viana do Alentejo;0;0;0;44;0;0;618;0;800;0;1462
Viana do Castelo;0;0;142;6479;281;0;25160;701;105;58;32926
Vidigueira;0;0;0;314;111;0;1365;0;3;0;1793
Vieira do Minho;0;0;0;463;76;0;1755;0;1;0;2295
Vila de Rei;0;0;0;215;0;0;792;0;0;0;1007
Vila do Bispo;0;0;0;464;23;0;950;0;0;0;1437
Vila do Conde;0;0;44;4380;260;0;22025;0;161;1;26871
Vila do Porto;0;0;0;1013;0;0;1156;0;2;0;2171
Vila flor;0;0;1;164;81;0;1878;0;2;0;2126
Vila Franca de Xira;0;6;725;9306;218;0;54258;0;520;0;65033
Vila Franca do Campo;0;0;0;990;0;0;1306;0;5;0;2301
Vila Nova da Barquinha;0;0;0;179;0;0;826;0;95;0;1100
Vila Nova de Cerveira;0;0;0;240;15;0;909;0;0;0;1164
Vila Nova de Famalicão;0;0;629;9918;540;0;43379;0;106;0;54572
Vila Nova de Foz Côa;0;0;0;144;41;0;1243;0;0;0;1428
Vila Nova de Gaia;0;0;1510;28215;1430;0;126082;0;1667;0;158904
Vila Nova de Ourém;0;0;67;7413;1010;0;60662;0;115;0;69267
Vila Nova de Paiva;0;0;0;383;20;0;1708;0;439;0;2550
Vila Nova de Poiares;0;0;0;522;113;0;6447;0;20;0;7102
Vila Pouca de Aguiar;0;0;0;690;79;0;4582;0;0;4;5355
Vila Praia da Vitória;0;0;0;5416;106;0;9953;0;32;0;15507
Vila Real;0;0;231;4043;605;0;24820;0;193;0;29892
Vila Real de Santo António;0;0;76;930;116;0;5500;0;4;0;6626
Vila Velha de Rodão;0;0;17;442;28;0;3692;0;5;0;4184
Vila Verde;0;0;81;1980;304;0;12961;0;77;0;15403
Vila Viçosa;0;0;0;194;45;0;908;0;2;0;1149
Vimioso;0;0;0;26;17;0;203;0;0;0;246
Vinhais;0;0;25;207;57;0;949;0;0;0;1238
Viseu;0;0;509;8809;625;0;45761;0;744;0;56448
Vizela;0;0;47;1215;110;0;5397;0;6;0;6775
Vouzela;0;0;39;439;78;0;2379;0;5;0;2940
Grand Total;969;874;34435;944754;80161;20;4304562;9421;32615;4499;5412310